Best trial AUC: 0.885317963372566
Best params:
  'num_leaves': 96,
  'max_depth': 17,
  'learning_rate': 0.0289467638660008,
  'n_estimators': 900,
  'min_child_samples': 5,
  'lambda_l1': 9.00876774827701,
  'lambda_l2': 6.297738171604734e-06,
