Best trial AUC: 0.9154706419705665
Best params:
  'num_leaves': 93,
  'max_depth': 11,
  'learning_rate': 0.04406072635097055,
  'n_estimators': 400,
  'min_child_samples': 18,
  'lambda_l1': 6.2340964561215415,
  'lambda_l2': 1.82514704750083,
